[gd_scene load_steps=33 format=3 uid="uid://8vih1pju4gtw"]

[ext_resource type="PackedScene" uid="uid://cvbobcdbrabhg" path="res://player/snowcrasher_with_animations.glb" id="1_hx6fl"]
[ext_resource type="Script" path="res://player/character_model.gd" id="2_kidfr"]

[sub_resource type="CapsuleShape3D" id="CapsuleShape3D_emo2m"]
radius = 0.127864
height = 0.370457

[sub_resource type="CapsuleShape3D" id="CapsuleShape3D_kyunv"]
radius = 0.191933
height = 0.383867

[sub_resource type="CapsuleShape3D" id="CapsuleShape3D_dqwou"]
radius = 0.0406964
height = 0.234355

[sub_resource type="CapsuleShape3D" id="CapsuleShape3D_1r2ne"]
radius = 0.0645087
height = 0.235581

[sub_resource type="CapsuleShape3D" id="CapsuleShape3D_1t1o5"]
radius = 0.0366774
height = 0.263588

[sub_resource type="CapsuleShape3D" id="CapsuleShape3D_0klsm"]
radius = 0.0608312
height = 0.279665

[sub_resource type="CapsuleShape3D" id="CapsuleShape3D_5x1m3"]
radius = 0.0759424
height = 0.300855

[sub_resource type="CapsuleShape3D" id="CapsuleShape3D_bw2fo"]
radius = 0.0505502
height = 0.345693

[sub_resource type="CapsuleShape3D" id="CapsuleShape3D_6p3h0"]
radius = 0.0649851
height = 0.289871

[sub_resource type="CapsuleShape3D" id="CapsuleShape3D_m6ief"]
radius = 0.0488085
height = 0.389318

[sub_resource type="AnimationNodeAnimation" id="AnimationNodeAnimation_katuf"]
animation = &"snowcrasher_Dance2"

[sub_resource type="AnimationNodeAnimation" id="AnimationNodeAnimation_pni7b"]
animation = &"snowcrasher_Idle2"

[sub_resource type="AnimationNodeAnimation" id="AnimationNodeAnimation_d0cen"]
animation = &"snowcrasher_Idle1"

[sub_resource type="AnimationNodeAnimation" id="AnimationNodeAnimation_60owl"]
animation = &"snowcrasher_FallLoop"

[sub_resource type="AnimationNodeAnimation" id="AnimationNodeAnimation_66n14"]
animation = &"snowcrasher_Landing"

[sub_resource type="AnimationNodeAnimation" id="AnimationNodeAnimation_lroly"]
animation = &"snowcrasher_T-Pose"

[sub_resource type="AnimationNodeStateMachineTransition" id="AnimationNodeStateMachineTransition_uhcjp"]
advance_mode = 2

[sub_resource type="AnimationNodeStateMachineTransition" id="AnimationNodeStateMachineTransition_b5q0e"]

[sub_resource type="AnimationNodeStateMachineTransition" id="AnimationNodeStateMachineTransition_mkcny"]

[sub_resource type="Curve" id="Curve_mvu8r"]
_data = [Vector2(0, 0), 0.0, 0.0, 0, 0, Vector2(0.527132, 1), 0.0, 0.0, 0, 0]
point_count = 2

[sub_resource type="AnimationNodeStateMachineTransition" id="AnimationNodeStateMachineTransition_nsyma"]
xfade_time = 0.5
xfade_curve = SubResource("Curve_mvu8r")

[sub_resource type="Curve" id="Curve_prqrn"]
_data = [Vector2(0, 0), 0.0, 0.0, 0, 0, Vector2(1, 1), 0.0, 0.0, 0, 0]
point_count = 2

[sub_resource type="AnimationNodeStateMachineTransition" id="AnimationNodeStateMachineTransition_1asq1"]
xfade_time = 0.5
xfade_curve = SubResource("Curve_prqrn")
advance_mode = 2

[sub_resource type="Curve" id="Curve_iqu0j"]
_data = [Vector2(0.51626, 0), 0.0, 0.0, 0, 0, Vector2(0.95122, 1), 0.0, 0.0, 0, 0]
point_count = 2

[sub_resource type="AnimationNodeStateMachineTransition" id="AnimationNodeStateMachineTransition_jyvs2"]
xfade_time = 1.0
xfade_curve = SubResource("Curve_iqu0j")
advance_mode = 2

[sub_resource type="Curve" id="Curve_6s1q3"]
_data = [Vector2(0, 0), 0.0, 0.0, 0, 0, Vector2(1, 1), 0.0, 0.0, 0, 0]
point_count = 2

[sub_resource type="AnimationNodeStateMachineTransition" id="AnimationNodeStateMachineTransition_qwxbk"]
xfade_time = 0.5
xfade_curve = SubResource("Curve_6s1q3")

[sub_resource type="Curve" id="Curve_n6vlx"]
_data = [Vector2(0, 0), 0.0, 0.0, 0, 0, Vector2(1, 1), 0.0, 0.0, 0, 0]
point_count = 2

[sub_resource type="AnimationNodeStateMachineTransition" id="AnimationNodeStateMachineTransition_pu43v"]
xfade_time = 1.0
xfade_curve = SubResource("Curve_n6vlx")

[sub_resource type="AnimationNodeStateMachine" id="AnimationNodeStateMachine_ql2wb"]
states/Dance/node = SubResource("AnimationNodeAnimation_katuf")
states/Dance/position = Vector2(193, 329)
states/End/position = Vector2(908, 66)
states/Menu/node = SubResource("AnimationNodeAnimation_pni7b")
states/Menu/position = Vector2(238, 175)
states/Start/position = Vector2(158, 71)
states/idle/node = SubResource("AnimationNodeAnimation_d0cen")
states/idle/position = Vector2(736, 138)
states/snowcrasher_FallLoop/node = SubResource("AnimationNodeAnimation_60owl")
states/snowcrasher_FallLoop/position = Vector2(507, 193)
states/snowcrasher_Landing/node = SubResource("AnimationNodeAnimation_66n14")
states/snowcrasher_Landing/position = Vector2(778, 243)
states/snowcrasher_T-Pose/node = SubResource("AnimationNodeAnimation_lroly")
states/snowcrasher_T-Pose/position = Vector2(351, 71)
transitions = ["Start", "snowcrasher_T-Pose", SubResource("AnimationNodeStateMachineTransition_uhcjp"), "snowcrasher_T-Pose", "End", SubResource("AnimationNodeStateMachineTransition_b5q0e"), "snowcrasher_T-Pose", "idle", SubResource("AnimationNodeStateMachineTransition_mkcny"), "Menu", "snowcrasher_FallLoop", SubResource("AnimationNodeStateMachineTransition_nsyma"), "snowcrasher_FallLoop", "snowcrasher_Landing", SubResource("AnimationNodeStateMachineTransition_1asq1"), "snowcrasher_Landing", "idle", SubResource("AnimationNodeStateMachineTransition_jyvs2"), "Menu", "Dance", SubResource("AnimationNodeStateMachineTransition_qwxbk"), "Dance", "Menu", SubResource("AnimationNodeStateMachineTransition_pu43v")]
graph_offset = Vector2(-117, 1)

[node name="snowcrasher_with_animations" instance=ExtResource("1_hx6fl")]
script = ExtResource("2_kidfr")

[node name="Armature" parent="." index="0"]
transform = Transform3D(1, 0, 0, 0, -4.37114e-08, -1, 0, 1, -4.37114e-08, 0, 0, 0)

[node name="Skeleton3D" parent="Armature" index="0"]
bones/0/rest = Transform3D(0.999999, -0.00127076, -4.36514e-05, -4.3712e-05, -4.76837e-05, -1, 0.00127076, 0.999999, -4.78029e-05, 4.12225e-05, -0.000290298, -0.819709)
bones/0/position = Vector3(4.12226e-05, -0.000290298, -0.819709)
bones/0/rotation = Quaternion(0.707124, -0.000464726, 0.000433839, 0.70709)
bones/1/rest = Transform3D(0.999999, -0.0012695, -7.15147e-05, -0.00127076, -0.999758, -0.0219357, -4.36501e-05, 0.0219358, -0.999759, -2.58769e-10, -0.0595355, 0.00130343)
bones/1/rotation = Quaternion(0.99994, -0.000635104, -2.87929e-05, 0.0109685)
bones/1/scale = Vector3(1, 1, 1)
bones/2/rest = Transform3D(1, 1.36238e-12, 5.78584e-08, -1.36313e-12, 1, 1.30385e-08, -5.78584e-08, -1.30385e-08, 1, -4.87477e-11, 0.0694746, -7.75001e-09)
bones/2/rotation = Quaternion(-6.51926e-09, 2.89292e-08, -6.81379e-13, 1)
bones/3/rest = Transform3D(1, -2.54953e-16, -4.2813e-15, 2.54953e-16, 1, -5.58794e-09, 4.2813e-15, 5.58794e-09, 1, 1.64476e-12, 0.0793995, -2.42944e-09)
bones/3/rotation = Quaternion(2.79397e-09, -2.14065e-15, 1.27476e-16, 1)
bones/4/rest = Transform3D(1, -1.30673e-09, -5.97067e-08, -4.5669e-13, 0.999761, -0.0218882, 5.9721e-08, 0.0218882, 0.99976, 1.64563e-12, 0.0893245, -7.64485e-09)
bones/4/rotation = Quaternion(0.0109448, -2.98587e-08, 3.26588e-10, 0.99994)
bones/5/rest = Transform3D(1, 1.17003e-16, 7.09923e-15, -1.17003e-16, 1, 1.24935e-08, -7.09923e-15, -1.24935e-08, 1, -1.49011e-10, 0.0784981, 0.00646653)
bones/5/rotation = Quaternion(-6.24673e-09, 3.54961e-15, -5.85014e-17, 1)
bones/7/rest = Transform3D(-0.00573897, 0.956509, -0.291648, -6.05583e-05, -0.291653, -0.956524, -0.999984, -0.00547177, 0.00173163, 0.0797517, 0.0643335, -0.00047406)
bones/7/rotation = Quaternion(-0.566609, -0.422006, 0.569895, -0.419625)
bones/7/scale = Vector3(1, 1, 1)
bones/8/rest = Transform3D(0.999983, -0.00573868, -0.00150517, 0.00592818, 0.956509, 0.291642, -0.000233934, -0.291646, 0.956526, 1.99676e-08, 0.160043, 7.22832e-07)
bones/8/rotation = Quaternion(-0.147434, -0.000321322, 0.00294895, 0.989068)
bones/9/rest = Transform3D(1, -6.53663e-07, 0.000237475, 6.54551e-07, 1, -3.73961e-06, -0.000237475, 3.73977e-06, 1, 1.69501e-08, 0.234355, 6.04088e-07)
bones/9/rotation = Quaternion(1.86985e-06, 0.000118738, 3.27163e-07, 1)
bones/9/scale = Vector3(1, 1, 1)
bones/11/rest = Transform3D(-0.00762987, -0.956503, 0.291623, 3.9041e-06, -0.291631, -0.956531, 0.999971, -0.00729701, 0.00222886, -0.0797517, 0.0643366, -0.000620155)
bones/11/rotation = Quaternion(0.566077, -0.422425, 0.570414, 0.419216)
bones/11/scale = Vector3(1, 1, 1)
bones/12/rest = Transform3D(0.999965, 0.0076313, 0.00334902, -0.00827621, 0.956511, 0.291578, -0.000978257, -0.291596, 0.956541, -1.35601e-08, 0.160043, 7.05086e-07)
bones/12/rotation = Quaternion(-0.147405, 0.00109378, -0.00402084, 0.989067)
bones/12/scale = Vector3(1, 1, 1)
bones/13/rest = Transform3D(0.999999, 1.56138e-07, 0.00106999, -1.61952e-07, 1, 5.43353e-06, -0.00106999, -5.4337e-06, 0.999999, 1.08778e-08, 0.234362, -4.27701e-07)
bones/13/rotation = Quaternion(-2.71706e-06, 0.000534996, -7.94535e-08, 1)
bones/13/scale = Vector3(1, 1, 1)
bones/15/rest = Transform3D(-0.995377, 0.0960192, -0.00245447, 0.0959942, 0.995342, 0.00882132, 0.00329006, 0.00854492, -0.999958, 0.0642723, 0.0329426, -0.00368165)
bones/15/rotation = Quaternion(0.0480594, 0.998834, 0.00434663, -0.00143781)
bones/16/rest = Transform3D(0.981069, 0.193387, 0.0102645, -0.193658, 0.979548, 0.0546038, 0.000505043, -0.0555579, 0.998455, -3.79349e-07, 0.347529, -2.09161e-08)
bones/16/rotation = Quaternion(-0.0276824, 0.00245245, -0.09726, 0.994871)
bones/17/rest = Transform3D(0.983704, -0.0586728, 0.169955, 0.174455, 0.540183, -0.823267, -0.0435033, 0.8395, 0.541615, -9.80555e-08, 0.330287, -9.68575e-09)
bones/17/rotation = Quaternion(0.474844, 0.0609582, 0.0665754, 0.875429)
bones/17/scale = Vector3(1, 1, 1)
bones/18/rest = Transform3D(0.995715, -0.0526054, -0.0760581, 1.21258e-06, 0.822454, -0.568832, 0.0924779, 0.566394, 0.818929, -1.09007e-07, 0.185078, -2.30223e-08)
bones/18/rotation = Quaternion(0.297629, -0.0441861, 0.0137922, 0.953559)
bones/20/rest = Transform3D(-0.995624, -0.0934407, -0.000802447, -0.0934365, 0.995616, -0.0043014, 0.00120085, -0.0042076, -0.99999, -0.0642723, 0.0329426, 0.00114145)
bones/20/rotation = Quaternion(-0.0467706, 0.998903, -0.00212959, -0.000501375)
bones/20/scale = Vector3(1, 1, 1)
bones/21/rest = Transform3D(0.981115, -0.192978, -0.0131064, 0.193423, 0.978863, 0.0664434, 7.26804e-06, -0.0677237, 0.997704, -3.13845e-07, 0.3475, -3.9302e-09)
bones/21/rotation = Quaternion(-0.0337206, -0.00329591, 0.0971154, 0.994696)
bones/21/scale = Vector3(1, 1, 1)
bones/22/rest = Transform3D(0.983259, 0.0594924, -0.172227, -0.17561, 0.561534, -0.808604, 0.0486052, 0.825312, 0.562581, -8.06293e-09, 0.330439, 8.9407e-10)
bones/22/rotation = Quaternion(0.46345, -0.0626375, -0.0666853, 0.881387)
bones/23/rest = Transform3D(0.995412, 0.0563399, 0.0773344, 7.58097e-07, 0.808251, -0.588839, -0.0956806, 0.586137, 0.804542, -7.44406e-08, 0.179219, -5.21541e-09)
bones/23/rotation = Quaternion(0.309281, 0.0455416, -0.0148298, 0.949764)

[node name="PhysicalBoneSimulator3D" type="PhysicalBoneSimulator3D" parent="Armature/Skeleton3D" index="8"]
visible = false

[node name="Physical Bone mixamorig_Hips" type="PhysicalBone3D" parent="Armature/Skeleton3D/PhysicalBoneSimulator3D" index="0"]
transform = Transform3D(-0.999999, -7.16595e-05, -0.00126951, 4.39162e-05, -0.999761, 0.0218401, -0.00127077, 0.02184, 0.999761, 7.90218e-05, -0.000940573, -0.849477)
collision_layer = 32768
collision_mask = 32768
joint_offset = Transform3D(1, 7.27595e-12, 2.39424e-10, -7.27595e-12, 1, 0, -2.39424e-10, -1.74204e-21, 1, -1.40192e-10, 9.60426e-09, 0.0297748)
joint_rotation = Vector3(0, 2.39424e-10, -7.27595e-12)
body_offset = Transform3D(-1, -2.05157e-07, -4.70834e-09, -9.32703e-09, 0.0218881, 0.999761, -2.04891e-07, 0.999761, -0.021888, 0, -0.0297677, 0.000651702)
bone_name = "mixamorig_Hips"

[node name="CollisionShape3D" type="CollisionShape3D" parent="Armature/Skeleton3D/PhysicalBoneSimulator3D/Physical Bone mixamorig_Hips" index="0"]
transform = Transform3D(1, 0, 0, 0, 0, 1, 0, -1, 0, 1.08287e-11, -1.16415e-10, -0.0617912)
shape = SubResource("CapsuleShape3D_emo2m")

[node name="Physical Bone mixamorig_Head" type="PhysicalBone3D" parent="Armature/Skeleton3D/PhysicalBoneSimulator3D" index="1"]
transform = Transform3D(-1, 1.39104e-09, 1.32024e-09, -1.49474e-09, -0.996624, -0.0821006, 1.20157e-09, -0.0821006, 0.996624, 0.000116819, 0.0114127, -1.33853)
collision_layer = 32768
collision_mask = 32768
joint_type = 2
joint_offset = Transform3D(1, 0, 0, 0, 1, 0, 0, 0, 1, -1.696e-09, -6.0536e-08, 0.143126)
body_offset = Transform3D(-1, -2.89806e-10, 1.16432e-09, -1.86265e-09, 0.0821, -0.996624, -2.22045e-16, -0.996624, -0.0821001, -1.86265e-09, 0.142643, 0.0117506)
bone_name = "mixamorig_Head"
joint_constraints/swing_span = 45.0
joint_constraints/twist_span = 120.0
joint_constraints/bias = 0.3
joint_constraints/softness = 0.8
joint_constraints/relaxation = 1.0

[node name="CollisionShape3D" type="CollisionShape3D" parent="Armature/Skeleton3D/PhysicalBoneSimulator3D/Physical Bone mixamorig_Head" index="0"]
transform = Transform3D(1, 0, 0, 0, 0, 1, 0, -1, 0, 0, 0, 0)
shape = SubResource("CapsuleShape3D_kyunv")

[node name="Physical Bone mixamorig_LeftArm" type="PhysicalBone3D" parent="Armature/Skeleton3D/PhysicalBoneSimulator3D" index="2"]
transform = Transform3D(6.24932e-08, -3.24007e-06, -1, -0.999725, 0.023452, -1.38462e-07, 0.023452, 0.999725, -3.23771e-06, 0.350129, -0.00658531, -1.0457)
collision_layer = 32768
collision_mask = 32768
joint_type = 2
joint_offset = Transform3D(1, 0, 0, 0, 1, 0, 0, 0, 1, -2.11245e-08, -6.68743e-07, 0.117178)
body_offset = Transform3D(1, 3.1665e-08, -8.99521e-08, -5.21541e-08, -2.58442e-06, -1, -4.65661e-08, 1, -2.43161e-06, 3.1665e-08, 0.117178, 9.53674e-07)
bone_name = "mixamorig_LeftArm"
joint_constraints/swing_span = 45.0
joint_constraints/twist_span = 180.0
joint_constraints/bias = 0.3
joint_constraints/softness = 0.8
joint_constraints/relaxation = 1.0

[node name="CollisionShape3D" type="CollisionShape3D" parent="Armature/Skeleton3D/PhysicalBoneSimulator3D/Physical Bone mixamorig_LeftArm" index="0"]
transform = Transform3D(1, 0, 0, 0, 0, 1, 0, -1, 0, 0, 4.19109e-15, 0.0530555)
shape = SubResource("CapsuleShape3D_dqwou")

[node name="Physical Bone mixamorig_LeftForeArm" type="PhysicalBone3D" parent="Armature/Skeleton3D/PhysicalBoneSimulator3D" index="3"]
transform = Transform3D(7.39771e-07, -2.33889e-06, -1, -0.999731, 0.0232146, -7.93868e-07, 0.0232146, 0.999731, -2.32108e-06, 0.574186, -0.00658512, -1.0457)
collision_layer = 32768
collision_mask = 32768
joint_type = 2
joint_offset = Transform3D(1, 0, 0, 0, 1, 0, 0, 0, 1, 6.68336e-08, -5.93743e-07, 0.10688)
body_offset = Transform3D(1, 7.45058e-09, -6.76362e-08, -2.98023e-08, 2.05636e-06, -1, -2.04891e-08, 1, 2.20916e-06, -5.96046e-08, 0.10688, 3.57628e-07)
bone_name = "mixamorig_LeftForeArm"
joint_constraints/swing_span = 45.0
joint_constraints/twist_span = 180.0
joint_constraints/bias = 0.3
joint_constraints/softness = 0.8
joint_constraints/relaxation = 1.0

[node name="CollisionShape3D" type="CollisionShape3D" parent="Armature/Skeleton3D/PhysicalBoneSimulator3D/Physical Bone mixamorig_LeftForeArm" index="0"]
transform = Transform3D(1, 0, 0, 0, 0, 1, 0, -1, 0, 0, 6.38378e-16, -0.0401519)
shape = SubResource("CapsuleShape3D_1r2ne")

[node name="Physical Bone mixamorig_RightArm" type="PhysicalBone3D" parent="Armature/Skeleton3D/PhysicalBoneSimulator3D" index="4"]
transform = Transform3D(1.4056e-06, 2.52016e-05, 1, 0.999681, 0.0252393, -2.04122e-06, -0.0252393, 0.999681, -2.51581e-05, -0.349897, -0.00702333, -1.0457)
collision_layer = 32768
collision_mask = 32768
joint_type = 2
joint_offset = Transform3D(1, 0, 0, 0, 1, 0, 0, 0, 1, -4.05264e-08, 8.56601e-07, 0.117181)
body_offset = Transform3D(1, -3.53903e-08, 9.15177e-08, 0, 1.85892e-06, -1, -2.42144e-08, 1, 1.84571e-06, 2.98023e-08, 0.117181, -1.07288e-06)
bone_name = "mixamorig_RightArm"
joint_constraints/swing_span = 45.0
joint_constraints/twist_span = 180.0
joint_constraints/bias = 0.3
joint_constraints/softness = 0.8
joint_constraints/relaxation = 1.0

[node name="CollisionShape3D" type="CollisionShape3D" parent="Armature/Skeleton3D/PhysicalBoneSimulator3D/Physical Bone mixamorig_RightArm" index="0"]
transform = Transform3D(0.999998, -0.00164727, 5.39292e-05, 5.36591e-05, 0.065243, 0.997869, -0.00164728, -0.997868, 0.065243, 0.00017127, -0.00678194, 0.017889)
shape = SubResource("CapsuleShape3D_1t1o5")

[node name="Physical Bone mixamorig_RightForeArm" type="PhysicalBone3D" parent="Armature/Skeleton3D/PhysicalBoneSimulator3D" index="5"]
transform = Transform3D(1.47885e-06, 2.48541e-05, 1, 0.999654, 0.026309, -2.13223e-06, -0.026309, 0.999654, -2.48066e-05, -0.573967, -0.00702283, -1.04569)
collision_layer = 32768
collision_mask = 32768
joint_type = 2
joint_offset = Transform3D(1, 0, 0, 0, 1, 0, 0, 0, 1, -1.61547e-08, -1.13953e-08, 0.106888)
body_offset = Transform3D(1, -3.72529e-08, 1.51136e-07, 5.96046e-08, -3.2261e-06, -1, -2.23517e-08, 1, -3.23921e-06, 0, 0.106888, 3.57628e-07)
bone_name = "mixamorig_RightForeArm"
joint_constraints/swing_span = 45.0
joint_constraints/twist_span = 180.0
joint_constraints/bias = 0.3
joint_constraints/softness = 0.8
joint_constraints/relaxation = 1.0

[node name="CollisionShape3D" type="CollisionShape3D" parent="Armature/Skeleton3D/PhysicalBoneSimulator3D/Physical Bone mixamorig_RightForeArm" index="0"]
transform = Transform3D(1, 0, 0, 0, 2.38032e-13, 1, 0, -1, -2.34479e-13, -4.65661e-08, -8.34465e-07, -0.0305798)
shape = SubResource("CapsuleShape3D_0klsm")

[node name="Physical Bone mixamorig_LeftUpLeg" type="PhysicalBone3D" parent="Armature/Skeleton3D/PhysicalBoneSimulator3D" index="6"]
transform = Transform3D(-0.995498, -0.00242199, -0.094755, -0.00325113, 0.999958, 0.00859692, 0.0947302, 0.00886628, -0.995464, 0.0807369, 0.00189311, -0.613708)
collision_layer = 32768
collision_mask = 32768
joint_type = 2
joint_offset = Transform3D(1, 0, 0, 0, 1, 0, 0, 0, 1, 1.81627e-08, 1.22337e-08, 0.173765)
body_offset = Transform3D(1, -3.60887e-08, 1.01029e-06, 1.09043e-06, 4.56348e-08, -1, 3.00352e-08, 1, 1.02445e-07, -1.93715e-07, 0.173765, -3.00352e-08)
bone_name = "mixamorig_LeftUpLeg"
joint_constraints/swing_span = 45.0
joint_constraints/twist_span = 180.0
joint_constraints/bias = 0.3
joint_constraints/softness = 0.8
joint_constraints/relaxation = 1.0

[node name="CollisionShape3D" type="CollisionShape3D" parent="Armature/Skeleton3D/PhysicalBoneSimulator3D/Physical Bone mixamorig_LeftUpLeg" index="0"]
transform = Transform3D(1, 0, 0, 0, 0, 1, 0, -1, 0, 0, 0, 0)
shape = SubResource("CapsuleShape3D_5x1m3")

[node name="Physical Bone mixamorig_LeftLeg" type="PhysicalBone3D" parent="Armature/Skeleton3D/PhysicalBoneSimulator3D" index="7"]
transform = Transform3D(-0.995003, -0.00746271, 0.0995649, -0.00101979, 0.99791, 0.0646053, -0.099839, 0.0641809, -0.992932, 0.0807594, -0.0102699, -0.276756)
collision_layer = 32768
collision_mask = 32768
joint_type = 2
joint_offset = Transform3D(1, 0, 0, 0, 1, 0, 0, 0, 1, 3.20535e-08, 9.91142e-09, 0.165144)
body_offset = Transform3D(1, 2.44472e-08, 4.37525e-07, 2.06586e-07, 2.98023e-08, -1, -2.99187e-08, 1, -1.49012e-08, -1.04308e-07, 0.165144, -7.45058e-09)
bone_name = "mixamorig_LeftLeg"
joint_constraints/swing_span = 45.0
joint_constraints/twist_span = 180.0
joint_constraints/bias = 0.3
joint_constraints/softness = 0.8
joint_constraints/relaxation = 1.0

[node name="CollisionShape3D" type="CollisionShape3D" parent="Armature/Skeleton3D/PhysicalBoneSimulator3D/Physical Bone mixamorig_LeftLeg" index="0"]
transform = Transform3D(1, 4.3583e-09, 2.32831e-10, 5.82077e-10, -1.49012e-08, 1, 3.11411e-09, -1, 7.45058e-09, -0.00101725, 0.000653926, -0.0101168)
shape = SubResource("CapsuleShape3D_bw2fo")

[node name="Physical Bone mixamorig_RightUpLeg" type="PhysicalBone3D" parent="Armature/Skeleton3D/PhysicalBoneSimulator3D" index="8"]
transform = Transform3D(-0.995505, -0.000753337, 0.0947049, -0.00115285, 0.999991, -0.00416391, -0.0947009, -0.00425437, -0.995497, -0.080728, -0.000707038, -0.613881)
collision_layer = 32768
collision_mask = 32768
joint_type = 2
joint_offset = Transform3D(1, 0, 0, 0, 1, 0, 0, 0, 1, -4.36386e-08, -5.66651e-09, 0.17375)
body_offset = Transform3D(1, 5.93718e-09, 8.51493e-07, 7.80161e-07, 1.07102e-08, -1, -1.16415e-10, 1, 7.68341e-08, -1.04308e-07, 0.17375, -7.68341e-09)
bone_name = "mixamorig_RightUpLeg"
joint_constraints/swing_span = 45.0
joint_constraints/twist_span = 180.0
joint_constraints/bias = 0.3
joint_constraints/softness = 0.8
joint_constraints/relaxation = 1.0

[node name="CollisionShape3D" type="CollisionShape3D" parent="Armature/Skeleton3D/PhysicalBoneSimulator3D/Physical Bone mixamorig_RightUpLeg" index="0"]
transform = Transform3D(1, 0, 0, 0, 0, 1, 0, -1, 0, 0, 0, 0)
shape = SubResource("CapsuleShape3D_6p3h0")

[node name="Physical Bone mixamorig_RightLeg" type="PhysicalBone3D" parent="Armature/Skeleton3D/PhysicalBoneSimulator3D" index="9"]
transform = Transform3D(-0.995024, 0.00600333, -0.0994581, -0.00031843, 0.997987, 0.0634245, 0.0996386, 0.0631406, -0.993018, -0.0807504, -0.0104625, -0.276848)
collision_layer = 32768
collision_mask = 32768
joint_type = 2
joint_offset = Transform3D(1, 0, 0, 0, 1, 0, 0, 0, 1, 6.51528e-08, -1.0042e-08, 0.165219)
body_offset = Transform3D(1, 2.90456e-08, -3.35804e-08, 3.53157e-08, -9.68575e-08, -1, -2.98023e-08, 1, -7.45058e-08, -5.96046e-08, 0.165219, 2.23517e-08)
bone_name = "mixamorig_RightLeg"
joint_constraints/swing_span = 45.0
joint_constraints/twist_span = 180.0
joint_constraints/bias = 0.3
joint_constraints/softness = 0.8
joint_constraints/relaxation = 1.0

[node name="CollisionShape3D" type="CollisionShape3D" parent="Armature/Skeleton3D/PhysicalBoneSimulator3D/Physical Bone mixamorig_RightLeg" index="0"]
transform = Transform3D(1, 0, 0, 0, 0, 1, 0, -1, 0, 1.15733e-10, 0, -0.0239184)
shape = SubResource("CapsuleShape3D_m6ief")

[node name="AnimationTree" type="AnimationTree" parent="." index="2"]
tree_root = SubResource("AnimationNodeStateMachine_ql2wb")
anim_player = NodePath("../AnimationPlayer")

[node name="RightHand" type="BoneAttachment3D" parent="." index="3"]
transform = Transform3D(1.48251e-06, -1, 2.24223e-05, 0.0263098, -2.24165e-05, -0.999654, 0.999654, 2.14917e-06, 0.0263098, -0.680856, 1.04569, -0.00702267)
bone_name = "mixamorig_RightHand"
bone_idx = 14
use_external_skeleton = true
external_skeleton = NodePath("../Armature/Skeleton3D")

[node name="Center" type="BoneAttachment3D" parent="." index="4"]
transform = Transform3D(0.999999, -0.00127076, -4.36514e-05, -0.00127076, -0.999999, 4.78466e-05, -4.37121e-05, -4.77274e-05, -1, 4.12226e-05, 0.819709, -0.000290262)
bone_name = "mixamorig_Hips"
bone_idx = 0
use_external_skeleton = true
external_skeleton = NodePath("../Armature/Skeleton3D")
