[gd_scene load_steps=28 format=3 uid="uid://8vih1pju4gtw"]

[ext_resource type="PackedScene" uid="uid://cvbobcdbrabhg" path="res://player/snowcrasher_with_animations.glb" id="1_hx6fl"]
[ext_resource type="Script" path="res://player/character_model.gd" id="2_kidfr"]

[sub_resource type="CapsuleShape3D" id="CapsuleShape3D_emo2m"]
radius = 0.127864
height = 0.370457

[sub_resource type="CapsuleShape3D" id="CapsuleShape3D_kyunv"]
radius = 0.191933
height = 0.383867

[sub_resource type="CapsuleShape3D" id="CapsuleShape3D_dqwou"]
radius = 0.0406964
height = 0.234355

[sub_resource type="CapsuleShape3D" id="CapsuleShape3D_1r2ne"]
radius = 0.0645087
height = 0.235581

[sub_resource type="CapsuleShape3D" id="CapsuleShape3D_1t1o5"]
radius = 0.0366774
height = 0.263588

[sub_resource type="CapsuleShape3D" id="CapsuleShape3D_0klsm"]
radius = 0.0608312
height = 0.279665

[sub_resource type="CapsuleShape3D" id="CapsuleShape3D_5x1m3"]
radius = 0.0759424
height = 0.300855

[sub_resource type="CapsuleShape3D" id="CapsuleShape3D_bw2fo"]
radius = 0.0505502
height = 0.345693

[sub_resource type="CapsuleShape3D" id="CapsuleShape3D_6p3h0"]
radius = 0.0649851
height = 0.289871

[sub_resource type="CapsuleShape3D" id="CapsuleShape3D_m6ief"]
radius = 0.0488085
height = 0.389318

[sub_resource type="AnimationNodeAnimation" id="AnimationNodeAnimation_pni7b"]
animation = &"snowcrasher_Idle2"

[sub_resource type="AnimationNodeAnimation" id="AnimationNodeAnimation_d0cen"]
animation = &"snowcrasher_Idle1"

[sub_resource type="AnimationNodeAnimation" id="AnimationNodeAnimation_60owl"]
animation = &"snowcrasher_FallLoop"

[sub_resource type="AnimationNodeAnimation" id="AnimationNodeAnimation_66n14"]
animation = &"snowcrasher_Landing"

[sub_resource type="AnimationNodeAnimation" id="AnimationNodeAnimation_lroly"]
animation = &"snowcrasher_T-Pose"

[sub_resource type="AnimationNodeStateMachineTransition" id="AnimationNodeStateMachineTransition_uhcjp"]
advance_mode = 2

[sub_resource type="AnimationNodeStateMachineTransition" id="AnimationNodeStateMachineTransition_b5q0e"]

[sub_resource type="AnimationNodeStateMachineTransition" id="AnimationNodeStateMachineTransition_mkcny"]

[sub_resource type="Curve" id="Curve_mvu8r"]
_data = [Vector2(0, 0), 0.0, 0.0, 0, 0, Vector2(0.527132, 1), 0.0, 0.0, 0, 0]
point_count = 2

[sub_resource type="AnimationNodeStateMachineTransition" id="AnimationNodeStateMachineTransition_nsyma"]
xfade_time = 0.5
xfade_curve = SubResource("Curve_mvu8r")

[sub_resource type="Curve" id="Curve_prqrn"]
_data = [Vector2(0, 0), 0.0, 0.0, 0, 0, Vector2(1, 1), 0.0, 0.0, 0, 0]
point_count = 2

[sub_resource type="AnimationNodeStateMachineTransition" id="AnimationNodeStateMachineTransition_1asq1"]
xfade_time = 0.5
xfade_curve = SubResource("Curve_prqrn")
advance_mode = 2

[sub_resource type="Curve" id="Curve_iqu0j"]
_data = [Vector2(0.51626, 0), 0.0, 0.0, 0, 0, Vector2(0.95122, 1), 0.0, 0.0, 0, 0]
point_count = 2

[sub_resource type="AnimationNodeStateMachineTransition" id="AnimationNodeStateMachineTransition_jyvs2"]
xfade_time = 1.0
xfade_curve = SubResource("Curve_iqu0j")
advance_mode = 2

[sub_resource type="AnimationNodeStateMachine" id="AnimationNodeStateMachine_ql2wb"]
states/End/position = Vector2(908, 66)
states/Menu/node = SubResource("AnimationNodeAnimation_pni7b")
states/Menu/position = Vector2(238, 175)
states/Start/position = Vector2(158, 71)
states/idle/node = SubResource("AnimationNodeAnimation_d0cen")
states/idle/position = Vector2(736, 138)
states/snowcrasher_FallLoop/node = SubResource("AnimationNodeAnimation_60owl")
states/snowcrasher_FallLoop/position = Vector2(507, 193)
states/snowcrasher_Landing/node = SubResource("AnimationNodeAnimation_66n14")
states/snowcrasher_Landing/position = Vector2(778, 243)
states/snowcrasher_T-Pose/node = SubResource("AnimationNodeAnimation_lroly")
states/snowcrasher_T-Pose/position = Vector2(351, 71)
transitions = ["Start", "snowcrasher_T-Pose", SubResource("AnimationNodeStateMachineTransition_uhcjp"), "snowcrasher_T-Pose", "End", SubResource("AnimationNodeStateMachineTransition_b5q0e"), "snowcrasher_T-Pose", "idle", SubResource("AnimationNodeStateMachineTransition_mkcny"), "Menu", "snowcrasher_FallLoop", SubResource("AnimationNodeStateMachineTransition_nsyma"), "snowcrasher_FallLoop", "snowcrasher_Landing", SubResource("AnimationNodeStateMachineTransition_1asq1"), "snowcrasher_Landing", "idle", SubResource("AnimationNodeStateMachineTransition_jyvs2")]
graph_offset = Vector2(2, -19)

[node name="snowcrasher_with_animations" instance=ExtResource("1_hx6fl")]
script = ExtResource("2_kidfr")

[node name="Armature" parent="." index="0"]
transform = Transform3D(1, 0, 0, 0, -4.37114e-08, -1, 0, 1, -4.37114e-08, 0, 0, 0)

[node name="Skeleton3D" parent="Armature" index="0"]
bones/0/rest = Transform3D(0.999999, -0.00127076, -4.36514e-05, -4.3712e-05, -4.76837e-05, -1, 0.00127076, 0.999999, -4.78029e-05, 4.12225e-05, -0.000290298, -0.819709)
bones/0/position = Vector3(-0.00367514, 0.00182064, -0.794015)
bones/0/rotation = Quaternion(0.628571, -0.0194373, 0.0377252, 0.776594)
bones/1/rest = Transform3D(0.999999, -0.0012695, -7.15147e-05, -0.00127076, -0.999758, -0.0219357, -4.36501e-05, 0.0219358, -0.999759, -2.58769e-10, -0.0595355, 0.00130343)
bones/1/rotation = Quaternion(0.999353, 0.0124683, 0.0134116, -0.0309462)
bones/1/scale = Vector3(1, 1, 1)
bones/2/rest = Transform3D(1, 1.36238e-12, 5.78584e-08, -1.36313e-12, 1, 1.30385e-08, -5.78584e-08, -1.30385e-08, 1, -4.87477e-11, 0.0694746, -7.75001e-09)
bones/2/rotation = Quaternion(0.050079, 0.015998, 0.0046556, 0.998606)
bones/3/rest = Transform3D(1, -2.54953e-16, -4.2813e-15, 2.54953e-16, 1, -5.58794e-09, 4.2813e-15, 5.58794e-09, 1, 1.64476e-12, 0.0793995, -2.42944e-09)
bones/3/rotation = Quaternion(0.0502413, 0.0154574, 0.0044577, 0.998608)
bones/4/rest = Transform3D(1, -1.30673e-09, -5.97067e-08, -4.5669e-13, 0.999761, -0.0218882, 5.9721e-08, 0.0218882, 0.99976, 1.64563e-12, 0.0893245, -7.64485e-09)
bones/4/rotation = Quaternion(0.0169405, -0.000317324, 0.0296865, 0.999416)
bones/5/rest = Transform3D(1, 1.17003e-16, 7.09923e-15, -1.17003e-16, 1, 1.24935e-08, -7.09923e-15, -1.24935e-08, 1, -1.49011e-10, 0.0784981, 0.00646653)
bones/5/rotation = Quaternion(0.018849, 0.0492214, 0.00328452, 0.998605)
bones/7/rest = Transform3D(-0.00573897, 0.956509, -0.291648, -6.05583e-05, -0.291653, -0.956524, -0.999984, -0.00547177, 0.00173163, 0.0797517, 0.0643335, -0.00047406)
bones/7/rotation = Quaternion(-0.5356, -0.405538, 0.663655, -0.328988)
bones/7/scale = Vector3(1, 1, 1)
bones/8/rest = Transform3D(0.999983, -0.00573868, -0.00150517, 0.00592818, 0.956509, 0.291642, -0.000233934, -0.291646, 0.956526, 1.99676e-08, 0.160043, 7.22832e-07)
bones/8/rotation = Quaternion(0.362592, 0.169241, 0.105551, 0.910353)
bones/9/rest = Transform3D(1, -6.53663e-07, 0.000237475, 6.54551e-07, 1, -3.73961e-06, -0.000237475, 3.73977e-06, 1, 1.69501e-08, 0.234355, 6.04088e-07)
bones/9/rotation = Quaternion(0.0123148, 0.000100044, 0.527523, 0.849452)
bones/9/scale = Vector3(1, 1, 1)
bones/11/rest = Transform3D(-0.00762987, -0.956503, 0.291623, 3.9041e-06, -0.291631, -0.956531, 0.999971, -0.00729701, 0.00222886, -0.0797517, 0.0643366, -0.000620155)
bones/11/rotation = Quaternion(0.643373, -0.31014, 0.624629, 0.31579)
bones/11/scale = Vector3(1, 1, 1)
bones/12/rest = Transform3D(0.999965, 0.0076313, 0.00334902, -0.00827621, 0.956511, 0.291578, -0.000978257, -0.291596, 0.956541, -1.35601e-08, 0.160043, 7.05086e-07)
bones/12/rotation = Quaternion(0.27742, 0.0681781, -0.243902, 0.92677)
bones/12/scale = Vector3(1, 1, 1)
bones/13/rest = Transform3D(0.999999, 1.56138e-07, 0.00106999, -1.61952e-07, 1, 5.43353e-06, -0.00106999, -5.4337e-06, 0.999999, 1.08778e-08, 0.234362, -4.27701e-07)
bones/13/rotation = Quaternion(0.0218564, 0.000281208, -0.847734, 0.529971)
bones/13/scale = Vector3(1, 1, 1)
bones/15/rest = Transform3D(-0.995377, 0.0960192, -0.00245447, 0.0959942, 0.995342, 0.00882132, 0.00329006, 0.00854492, -0.999958, 0.0642723, 0.0329426, -0.00368165)
bones/15/rotation = Quaternion(0.187537, 0.975658, -0.0266028, 0.110515)
bones/16/rest = Transform3D(0.981069, 0.193387, 0.0102645, -0.193658, 0.979548, 0.0546038, 0.000505043, -0.0555579, 0.998455, -3.79349e-07, 0.347529, -2.09161e-08)
bones/16/rotation = Quaternion(-0.297345, 0.0325805, -0.0135774, 0.954118)
bones/17/rest = Transform3D(0.983704, -0.0586728, 0.169955, 0.174455, 0.540183, -0.823267, -0.0435033, 0.8395, 0.541615, -9.80555e-08, 0.330287, -9.68575e-09)
bones/17/rotation = Quaternion(0.605681, 0.0329762, 0.0127493, 0.794922)
bones/17/scale = Vector3(1, 1, 1)
bones/18/rest = Transform3D(0.995715, -0.0526054, -0.0760581, 1.21258e-06, 0.822454, -0.568832, 0.0924779, 0.566394, 0.818929, -1.09007e-07, 0.185078, -2.30223e-08)
bones/18/rotation = Quaternion(0.297581, -0.0441868, 0.01379, 0.953574)
bones/20/rest = Transform3D(-0.995624, -0.0934407, -0.000802447, -0.0934365, 0.995616, -0.0043014, 0.00120085, -0.0042076, -0.99999, -0.0642723, 0.0329426, 0.00114145)
bones/20/rotation = Quaternion(-0.0383091, 0.996617, 0.0707834, -0.0166067)
bones/20/scale = Vector3(1, 1, 1)
bones/21/rest = Transform3D(0.981115, -0.192978, -0.0131064, 0.193423, 0.978863, 0.0664434, 7.26804e-06, -0.0677237, 0.997704, -3.13845e-07, 0.3475, -3.9302e-09)
bones/21/rotation = Quaternion(-0.221796, -0.0021214, 0.11532, 0.968248)
bones/21/scale = Vector3(1, 1, 1)
bones/22/rest = Transform3D(0.983259, 0.0594924, -0.172227, -0.17561, 0.561534, -0.808604, 0.0486052, 0.825312, 0.562581, -8.06293e-09, 0.330439, 8.9407e-10)
bones/22/rotation = Quaternion(0.583898, -0.0664531, -0.0668909, 0.806333)
bones/23/rest = Transform3D(0.995412, 0.0563399, 0.0773344, 7.58097e-07, 0.808251, -0.588839, -0.0956806, 0.586137, 0.804542, -7.44406e-08, 0.179219, -5.21541e-09)
bones/23/rotation = Quaternion(0.322216, 0.0453199, -0.0154255, 0.945455)

[node name="PhysicalBoneSimulator3D" type="PhysicalBoneSimulator3D" parent="Armature/Skeleton3D" index="8"]
visible = false

[node name="Physical Bone mixamorig_Hips" type="PhysicalBone3D" parent="Armature/Skeleton3D/PhysicalBoneSimulator3D" index="0"]
transform = Transform3D(-0.996398, 0.0154144, -0.0833871, -0.0341586, -0.972991, 0.228302, -0.0776158, 0.230328, 0.970013, -0.0011923, -0.00497701, -0.822897)
collision_layer = 32768
collision_mask = 32768
joint_offset = Transform3D(1, 7.27595e-12, 2.39424e-10, -7.27595e-12, 1, 0, -2.39424e-10, -1.74204e-21, 1, -6.9324e-11, -4.5402e-09, 0.0297748)
joint_rotation = Vector3(0, 2.39424e-10, -7.27595e-12)
body_offset = Transform3D(-1, -1.93715e-07, -2.32831e-09, -6.98492e-09, 0.0218881, 0.999761, -2.01166e-07, 0.99976, -0.021888, 0, -0.0297677, 0.000651717)
bone_name = "mixamorig_Hips"

[node name="CollisionShape3D" type="CollisionShape3D" parent="Armature/Skeleton3D/PhysicalBoneSimulator3D/Physical Bone mixamorig_Hips" index="0"]
transform = Transform3D(1, 0, 0, 0, 0, 1, 0, -1, 0, 1.08287e-11, -1.16415e-10, -0.0617912)
shape = SubResource("CapsuleShape3D_emo2m")

[node name="Physical Bone mixamorig_Head" type="PhysicalBone3D" parent="Armature/Skeleton3D/PhysicalBoneSimulator3D" index="1"]
transform = Transform3D(-0.989596, -0.13668, -0.0449162, 0.14311, -0.967231, -0.209721, -0.0147797, -0.213967, 0.976729, 0.0346709, 0.023049, -1.30513)
collision_layer = 32768
collision_mask = 32768
joint_type = 2
joint_offset = Transform3D(1, 0, 0, 0, 1, 0, 0, 0, 1, -5.73e-09, -3.25963e-08, 0.143126)
body_offset = Transform3D(-1, 0, -3.35276e-08, -1.86265e-09, 0.0821, -0.996624, 0, -0.996624, -0.0820998, -9.31323e-10, 0.142643, 0.0117506)
bone_name = "mixamorig_Head"
joint_constraints/swing_span = 45.0
joint_constraints/twist_span = 120.0
joint_constraints/bias = 0.3
joint_constraints/softness = 0.8
joint_constraints/relaxation = 1.0

[node name="CollisionShape3D" type="CollisionShape3D" parent="Armature/Skeleton3D/PhysicalBoneSimulator3D/Physical Bone mixamorig_Head" index="0"]
transform = Transform3D(1, 0, 0, 0, 0, 1, 0, -1, 0, 0, 0, 0)
shape = SubResource("CapsuleShape3D_kyunv")

[node name="Physical Bone mixamorig_LeftArm" type="PhysicalBone3D" parent="Armature/Skeleton3D/PhysicalBoneSimulator3D" index="2"]
transform = Transform3D(0.143571, -0.960746, -0.237393, -0.984342, -0.16342, 0.0660627, -0.102264, 0.224191, -0.969165, 0.260244, -0.0751227, -0.858836)
collision_layer = 32768
collision_mask = 32768
joint_type = 2
joint_offset = Transform3D(1, 0, 0, 0, 1, 0, 0, 0, 1, -4.11519e-08, -4.96925e-07, 0.117178)
body_offset = Transform3D(1, -8.9407e-08, 9.68575e-08, -5.21541e-08, -2.56952e-06, -1, -2.98023e-08, 1, -2.88058e-06, 2.98023e-08, 0.117178, 8.34465e-07)
bone_name = "mixamorig_LeftArm"
joint_constraints/swing_span = 45.0
joint_constraints/twist_span = 180.0
joint_constraints/bias = 0.3
joint_constraints/softness = 0.8
joint_constraints/relaxation = 1.0

[node name="CollisionShape3D" type="CollisionShape3D" parent="Armature/Skeleton3D/PhysicalBoneSimulator3D/Physical Bone mixamorig_LeftArm" index="0"]
transform = Transform3D(1, 0, 0, 0, 0, 1, 0, -1, 0, 0, 4.19109e-15, 0.0530555)
shape = SubResource("CapsuleShape3D_dqwou")

[node name="Physical Bone mixamorig_LeftForeArm" type="PhysicalBone3D" parent="Armature/Skeleton3D/PhysicalBoneSimulator3D" index="3"]
transform = Transform3D(0.264102, -0.963506, 0.0436703, -0.497798, -0.174951, -0.849464, 0.826104, 0.202607, -0.525836, 0.283393, 0.00792702, -0.689071)
collision_layer = 32768
collision_mask = 32768
joint_type = 2
joint_offset = Transform3D(1, 0, 0, 0, 1, 0, 0, 0, 1, 8.82723e-08, -6.41337e-07, 0.10688)
body_offset = Transform3D(1, 2.16067e-07, -2.68221e-07, 0, 2.07126e-06, -1, 0, 1, 1.81794e-06, -5.96046e-08, 0.10688, 4.47035e-07)
bone_name = "mixamorig_LeftForeArm"
joint_constraints/swing_span = 45.0
joint_constraints/twist_span = 180.0
joint_constraints/bias = 0.3
joint_constraints/softness = 0.8
joint_constraints/relaxation = 1.0

[node name="CollisionShape3D" type="CollisionShape3D" parent="Armature/Skeleton3D/PhysicalBoneSimulator3D/Physical Bone mixamorig_LeftForeArm" index="0"]
transform = Transform3D(1, 0, 0, 0, 0, 1, 0, -1, 0, 0, 6.38378e-16, -0.0401519)
shape = SubResource("CapsuleShape3D_1r2ne")

[node name="Physical Bone mixamorig_RightArm" type="PhysicalBone3D" parent="Armature/Skeleton3D/PhysicalBoneSimulator3D" index="4"]
transform = Transform3D(0.275422, 0.90474, 0.324943, 0.88151, -0.102841, -0.460829, -0.383513, 0.413363, -0.825862, -0.23003, 0.0397061, -0.888228)
collision_layer = 32768
collision_mask = 32768
joint_type = 2
joint_offset = Transform3D(1, 0, 0, 0, 1, 0, 0, 0, 1, -4.37714e-08, 8.28189e-07, 0.117181)
body_offset = Transform3D(1, -2.23517e-08, 1.19209e-07, -2.98023e-08, 1.82167e-06, -1, 1.49012e-08, 1, 1.57952e-06, 2.98023e-08, 0.117181, -1.01328e-06)
bone_name = "mixamorig_RightArm"
joint_constraints/swing_span = 45.0
joint_constraints/twist_span = 180.0
joint_constraints/bias = 0.3
joint_constraints/softness = 0.8
joint_constraints/relaxation = 1.0

[node name="CollisionShape3D" type="CollisionShape3D" parent="Armature/Skeleton3D/PhysicalBoneSimulator3D/Physical Bone mixamorig_RightArm" index="0"]
transform = Transform3D(0.999998, -0.00164727, 5.39292e-05, 5.36591e-05, 0.065243, 0.997869, -0.00164728, -0.997868, 0.065243, 0.00017127, -0.00678194, 0.017889)
shape = SubResource("CapsuleShape3D_1t1o5")

[node name="Physical Bone mixamorig_RightForeArm" type="PhysicalBone3D" parent="Armature/Skeleton3D/PhysicalBoneSimulator3D" index="5"]
transform = Transform3D(0.137732, 0.901433, -0.410424, -0.79572, -0.146044, -0.587794, -0.589797, 0.40754, 0.697173, -0.224237, 0.156535, -0.865972)
collision_layer = 32768
collision_mask = 32768
joint_type = 2
joint_offset = Transform3D(1, 0, 0, 0, 1, 0, 0, 0, 1, 2.22986e-08, 3.40659e-08, 0.106888)
body_offset = Transform3D(1, -1.93715e-07, -2.08616e-07, 5.96046e-08, -3.20375e-06, -1, 7.45058e-09, 1, -3.10689e-06, 0, 0.106888, 2.98023e-07)
bone_name = "mixamorig_RightForeArm"
joint_constraints/swing_span = 45.0
joint_constraints/twist_span = 180.0
joint_constraints/bias = 0.3
joint_constraints/softness = 0.8
joint_constraints/relaxation = 1.0

[node name="CollisionShape3D" type="CollisionShape3D" parent="Armature/Skeleton3D/PhysicalBoneSimulator3D/Physical Bone mixamorig_RightForeArm" index="0"]
transform = Transform3D(1, 0, 0, 0, 2.38032e-13, 1, 0, -1, -2.34479e-13, -4.65661e-08, -8.34465e-07, -0.0305798)
shape = SubResource("CapsuleShape3D_0klsm")

[node name="Physical Bone mixamorig_LeftUpLeg" type="PhysicalBone3D" parent="Armature/Skeleton3D/PhysicalBoneSimulator3D" index="6"]
transform = Transform3D(-0.935757, 0.195892, -0.293233, 0.264202, 0.940192, -0.215028, 0.233573, -0.278687, -0.931546, 0.108521, 0.0517977, -0.595812)
collision_layer = 32768
collision_mask = 32768
joint_type = 2
joint_offset = Transform3D(1, 0, 0, 0, 1, 0, 0, 0, 1, 4.35357e-08, -1.35811e-08, 0.173765)
body_offset = Transform3D(1, -2.98023e-08, 8.64267e-07, 1.06916e-06, 7.45058e-08, -1, 0, 1, 1.63913e-07, -1.93715e-07, 0.173765, -1.49012e-08)
bone_name = "mixamorig_LeftUpLeg"
joint_constraints/swing_span = 45.0
joint_constraints/twist_span = 180.0
joint_constraints/bias = 0.3
joint_constraints/softness = 0.8
joint_constraints/relaxation = 1.0

[node name="CollisionShape3D" type="CollisionShape3D" parent="Armature/Skeleton3D/PhysicalBoneSimulator3D/Physical Bone mixamorig_LeftUpLeg" index="0"]
transform = Transform3D(1, 0, 0, 0, 0, 1, 0, -1, 0, 0, 0, 0)
shape = SubResource("CapsuleShape3D_5x1m3")

[node name="Physical Bone mixamorig_LeftLeg" type="PhysicalBone3D" parent="Armature/Skeleton3D/PhysicalBoneSimulator3D" index="7"]
transform = Transform3D(-0.957301, 0.261225, -0.123836, 0.202945, 0.91232, 0.355647, 0.205882, 0.31533, -0.92638, 0.179925, 0.0304286, -0.280957)
collision_layer = 32768
collision_mask = 32768
joint_type = 2
joint_offset = Transform3D(1, 0, 0, 0, 1, 0, 0, 0, 1, 7.46419e-08, 1.33021e-07, 0.165144)
body_offset = Transform3D(1, 1.04308e-07, 8.9407e-08, 1.93715e-07, 5.96046e-08, -1, -1.49012e-08, 1, -7.15256e-07, -8.9407e-08, 0.165144, -1.49012e-08)
bone_name = "mixamorig_LeftLeg"
joint_constraints/swing_span = 45.0
joint_constraints/twist_span = 180.0
joint_constraints/bias = 0.3
joint_constraints/softness = 0.8
joint_constraints/relaxation = 1.0

[node name="CollisionShape3D" type="CollisionShape3D" parent="Armature/Skeleton3D/PhysicalBoneSimulator3D/Physical Bone mixamorig_LeftLeg" index="0"]
transform = Transform3D(1, 4.3583e-09, 2.32831e-10, 5.82077e-10, -1.49012e-08, 1, 3.11411e-09, -1, 7.45058e-09, -0.00101725, 0.000653926, -0.0101168)
shape = SubResource("CapsuleShape3D_bw2fo")

[node name="Physical Bone mixamorig_RightUpLeg" type="PhysicalBone3D" parent="Armature/Skeleton3D/PhysicalBoneSimulator3D" index="8"]
transform = Transform3D(-0.985912, -0.0670484, 0.153241, -0.0773908, 0.995037, -0.0625478, -0.148287, -0.073526, -0.986207, -0.0970571, 0.0161943, -0.595298)
collision_layer = 32768
collision_mask = 32768
joint_type = 2
joint_offset = Transform3D(1, 0, 0, 0, 1, 0, 0, 0, 1, -3.21038e-08, 1.65123e-08, 0.17375)
body_offset = Transform3D(1, 1.49012e-08, 7.85105e-07, 7.84174e-07, 1.11759e-08, -1, 0, 1, -5.21541e-08, -1.04308e-07, 0.17375, -7.45058e-09)
bone_name = "mixamorig_RightUpLeg"
joint_constraints/swing_span = 45.0
joint_constraints/twist_span = 180.0
joint_constraints/bias = 0.3
joint_constraints/softness = 0.8
joint_constraints/relaxation = 1.0

[node name="CollisionShape3D" type="CollisionShape3D" parent="Armature/Skeleton3D/PhysicalBoneSimulator3D/Physical Bone mixamorig_RightUpLeg" index="0"]
transform = Transform3D(1, 0, 0, 0, 0, 1, 0, -1, 0, 0, 0, 0)
shape = SubResource("CapsuleShape3D_6p3h0")

[node name="Physical Bone mixamorig_RightLeg" type="PhysicalBone3D" parent="Armature/Skeleton3D/PhysicalBoneSimulator3D" index="9"]
transform = Transform3D(-0.990891, -0.0717101, -0.113984, -0.108118, 0.92824, 0.355921, 0.0802815, 0.365003, -0.927538, -0.10485, -0.0317431, -0.270698)
collision_layer = 32768
collision_mask = 32768
joint_type = 2
joint_offset = Transform3D(1, 0, 0, 0, 1, 0, 0, 0, 1, 5.27696e-08, 3.19407e-08, 0.165219)
body_offset = Transform3D(1, 6.70552e-08, -3.72529e-09, 2.98023e-08, -8.9407e-08, -1, -1.49012e-08, 1, -2.38419e-07, -5.21541e-08, 0.165219, 7.45058e-09)
bone_name = "mixamorig_RightLeg"
joint_constraints/swing_span = 45.0
joint_constraints/twist_span = 180.0
joint_constraints/bias = 0.3
joint_constraints/softness = 0.8
joint_constraints/relaxation = 1.0

[node name="CollisionShape3D" type="CollisionShape3D" parent="Armature/Skeleton3D/PhysicalBoneSimulator3D/Physical Bone mixamorig_RightLeg" index="0"]
transform = Transform3D(1, 0, 0, 0, 0, 1, 0, -1, 0, 1.15733e-10, 0, -0.0239184)
shape = SubResource("CapsuleShape3D_m6ief")

[node name="AnimationTree" type="AnimationTree" parent="." index="2"]
tree_root = SubResource("AnimationNodeStateMachine_ql2wb")
anim_player = NodePath("../AnimationPlayer")

[node name="RightHand" type="BoneAttachment3D" parent="." index="3"]
transform = Transform3D(0.137732, 0.410421, 0.901435, 0.589797, 0.697174, -0.407538, -0.795719, 0.587794, -0.146042, -0.180368, 0.940492, 0.219364)
bone_name = "mixamorig_RightHand"
bone_idx = 14
use_external_skeleton = true
external_skeleton = NodePath("../Armature/Skeleton3D")

[node name="Center" type="BoneAttachment3D" parent="." index="4"]
transform = Transform3D(0.996398, -0.0830297, 0.0172361, -0.0776157, -0.974822, -0.209041, 0.0341588, 0.20695, -0.977755, -0.00367514, 0.794015, 0.00182068)
bone_name = "mixamorig_Hips"
bone_idx = 0
use_external_skeleton = true
external_skeleton = NodePath("../Armature/Skeleton3D")
