[gd_scene load_steps=5 format=3 uid="uid://8hmxxf5hctq4"]

[ext_resource type="Script" path="res://proc/guards.gd" id="1_vah2w"]
[ext_resource type="PackedScene" uid="uid://du4i0t5r0jr5i" path="res://models/Cop Hover/hover_cop.tscn" id="2_kvctg"]
[ext_resource type="Script" path="res://models/Cop Hover/lights.gd" id="3_2yobh"]

[sub_resource type="BoxShape3D" id="BoxShape3D_35657"]
size = Vector3(24.5854, 13.3898, 26.865)

[node name="Guards" type="Node3D"]
script = ExtResource("1_vah2w")

[node name="GuardR" type="CSGPolygon3D" parent="." groups=["guard"]]
use_collision = true
collision_layer = 49
collision_mask = 49
polygon = PackedVector2Array(0.5, 1, -0.3, 1, -0.5, 0, 0.7, 0)
mode = 2
path_node = NodePath("../../edge_R")
path_interval_type = 0
path_interval = 1.0
path_simplify_angle = 5.0
path_rotation = 2
path_local = true
path_continuous_u = true
path_u_distance = 1.0
path_joined = false

[node name="GuardF" type="CSGPolygon3D" parent="." groups=["guard"]]
use_collision = true
collision_layer = 49
collision_mask = 49
polygon = PackedVector2Array(-0.5, 1, 0.3, 1, 0.5, 0, -0.7, 0)
mode = 2
path_node = NodePath("../../edge_F")
path_interval_type = 0
path_interval = 1.0
path_simplify_angle = 5.0
path_rotation = 2
path_local = true
path_continuous_u = true
path_u_distance = 1.0
path_joined = false

[node name="Police" type="Node3D" parent="."]

[node name="blockbench_export" parent="Police" instance=ExtResource("2_kvctg")]
transform = Transform3D(-2.05821, -1.00365e-07, 2.18261, -1.78814e-07, 3, -3.06697e-08, -2.18261, -1.51135e-07, -2.05821, 9.15096, 5.5002, -6.0015)

[node name="blockbench_export2" parent="Police" instance=ExtResource("2_kvctg")]
transform = Transform3D(-2.339, 3.26713e-07, -1.87859, 4.47035e-07, 3, -3.48537e-08, 1.87859, -3.07106e-07, -2.339, -2.48224, 5.16185, -6.0015)
offset = 1.0

[node name="Node3D" type="Node3D" parent="Police"]
transform = Transform3D(0.86982, -0.166336, -0.464483, 0.0292857, 0.9572, -0.287942, 0.492498, 0.236855, 0.837464, 2.67952, 7.03989, -4.72205)
script = ExtResource("3_2yobh")

[node name="Timer" type="Timer" parent="Police/Node3D"]
wait_time = 0.3
autostart = true

[node name="OmniLight3D2" type="OmniLight3D" parent="Police/Node3D"]
transform = Transform3D(1, -4.99189e-07, -1.78814e-07, -1.49012e-08, 1, 2.5332e-07, 2.98023e-08, 2.98023e-08, 1, 3.91801, 0.133713, -1.66107)
light_color = Color(0, 0.15, 1, 1)
light_energy = 4.0
light_volumetric_fog_energy = 16.0
omni_range = 40.0
omni_attenuation = 0.2

[node name="OmniLight3D" type="OmniLight3D" parent="Police/Node3D"]
transform = Transform3D(1, -4.99189e-07, -1.78814e-07, -1.49012e-08, 1, 2.5332e-07, 2.98023e-08, 2.98023e-08, 1, -2.02086, 0.699856, 1.67136)
light_color = Color(1, 0, 0, 1)
light_energy = 5.0
light_volumetric_fog_energy = 16.0
omni_range = 40.0
omni_attenuation = 0.2

[node name="Area3D" type="Area3D" parent="Police"]
transform = Transform3D(0.86982, -0.166336, -0.464483, 0.0292857, 0.9572, -0.287942, 0.492498, 0.236855, 0.837464, 8.17774, 0.239137, 18.497)
monitoring = false
monitorable = false

[node name="CollisionShape3D" type="CollisionShape3D" parent="Police/Area3D"]
transform = Transform3D(0.869821, 0.0292852, 0.492498, -0.166336, 0.957201, 0.236855, -0.464482, -0.287942, 0.837463, -15.7218, 0.541252, -20.5458)
shape = SubResource("BoxShape3D_35657")

[node name="OffRamp" type="CSGBox3D" parent="." groups=["ramp"]]
transform = Transform3D(0.86982, -0.166336, -0.464483, 0.0292857, 0.9572, -0.287942, 0.492498, 0.236855, 0.837464, 5.77775, 0.239138, 33.539)
use_collision = true
collision_layer = 32
collision_mask = 32
size = Vector3(3.34058, 0.538086, 5.17236)

[connection signal="timeout" from="Police/Node3D/Timer" to="Police/Node3D" method="_on_timer_timeout"]
